ILMN_1753370 ILMN_1735591 ILMN_1776936 ILMN_1669928 ILMN_1697905 ILMN_1699727 ILMN_1760246 ILMN_1653836 ILMN_1775121 ILMN_1675632 ILMN_1743219 ILMN_1795561 ILMN_1751561 ILMN_1791270 ILMN_1779241 ILMN_1690179 ILMN_1668652 ILMN_1676728 ILMN_1654289 ILMN_1697268 ILMN_1719468 ILMN_1729217 ILMN_1728517 ILMN_1789627 ILMN_1679746 ILMN_1716869 ILMN_1717381 ILMN_1776516 ILMN_1789505 ILMN_1682572 ILMN_1770479 ILMN_1753269 ILMN_1798663 ILMN_1763228 ILMN_1809636 ILMN_1785141 ILMN_1786310 ILMN_1733627 ILMN_1814221 ILMN_1729879 ILMN_1810100 ILMN_1784110 ILMN_1739812 ILMN_1717477 ILMN_1815522 ILMN_1753278 ILMN_1707265 ILMN_1695271 ILMN_1737484 ILMN_1795839 ILMN_1720513 ILMN_1780222 ILMN_1714445 ILMN_1698846 ILMN_1782259 ILMN_1791371 ILMN_1733860 ILMN_1683470 ILMN_1681234 ILMN_1683263 ILMN_1712913 ILMN_1784283
cg00005847 0.514369 0.616841 0.711235 0.638822 0.570693 0.532009 0.598425 0.59339 0.23649 0.608135 0.64163 0.587154 0.597142 0.605269 0.650118 0.551093 0.64981 0.614025 0.560519 0.580873 0.281046 0.497553 0.585691 0.597317 0.57403 0.648028 0.547156 0.542458 0.593219 0.147817 0.576435 0.613516 0.739045 0.633204 0.520447 0.603948 0.589684 0.57363 0.644872 0.62781 0.544199 0.559399 0.565837 0.524595 0.626205 0.654681 0.629437 0.53923 0.532538 0.441208 0.48968 0.608118 0.586643 0.65723 0.578316 0.620981 0.604315 0.619732 0.574723 0.648711 0.599164 0.639083
cg00213714 0.397059 0.498413 0.576156 0.522637 0.449598 0.426705 0.496386 0.452072 0.343434 0.522301 0.518128 0.464664 0.466973 0.47872 0.557588 0.501153 0.512778 0.477685 0.483355 0.509069 0.24593 0.401228 0.466857 0.509065 0.471873 0.517364 0.440417 0.445102 0.51855 0.270181 0.476277 0.481629 0.609502 0.533601 0.528469 0.595548 0.48982 0.480591 0.5588 0.494992 0.461227 0.501886 0.434916 0.548789 0.536403 0.541692 0.543354 0.561357 0.52342 0.50975 0.51318 0.488721 0.509499 0.593536 0.511474 0.529676 0.497011 0.50437 0.452105 0.560661 0.467248 0.545732
cg00245878 0.489357 0.47721 0.502781 0.476049 0.581067 0.535988 0.500408 0.586797 0.075055 0.43237 0.516578 0.534522 0.554491 0.421017 0.465268 0.364463 0.554846 0.464346 0.379462 0.396113 0.165315 0.550521 0.535248 0.436385 0.451015 0.461024 0.397069 0.600131 0.419683 0.041018 0.58341 0.469424 0.545936 0.452165 0.329402 0.402079 0.392294 0.415588 0.447821 0.451471 0.534501 0.368152 0.533804 0.325608 0.446445 0.495563 0.501168 0.307246 0.36423 0.244909 0.279779 0.438117 0.44045 0.447871 0.385794 0.579262 0.403907 0.463875 0.445618 0.43782 0.525046 0.457248
cg00498604 0.396852 0.495869 0.584764 0.510144 0.427843 0.404427 0.482384 0.437898 0.328009 0.520169 0.506419 0.457796 0.460329 0.460613 0.538486 0.476118 0.498336 0.477306 0.516373 0.493058 0.25083 0.379784 0.457544 0.467346 0.478579 0.50174 0.485868 0.41546 0.525241 0.249004 0.436638 0.490199 0.579463 0.515982 0.527937 0.570738 0.470113 0.502465 0.559887 0.489178 0.417812 0.499211 0.431623 0.53255 0.555021 0.529679 0.486158 0.526666 0.477013 0.474863 0.480828 0.504272 0.511636 0.581627 0.499282 0.486473 0.499149 0.516734 0.456946 0.5184 0.458026 0.549881
cg00504595 0.422421 0.517368 0.613739 0.5444 0.461273 0.437308 0.499466 0.472516 0.324651 0.533881 0.537102 0.489124 0.496618 0.513041 0.581427 0.52208 0.535859 0.517067 0.478753 0.517485 0.27419 0.400823 0.479804 0.499709 0.506044 0.533949 0.4729 0.446366 0.553437 0.245082 0.476394 0.517432 0.628791 0.537534 0.523322 0.608377 0.528169 0.506048 0.565034 0.535208 0.452356 0.517345 0.454854 0.551227 0.564327 0.55852 0.525495 0.508956 0.503213 0.492809 0.510642 0.524648 0.53139 0.594705 0.543671 0.522806 0.517509 0.546168 0.465959 0.555515 0.491664 0.566074
cg00767581 0.533192 0.642798 0.736955 0.661063 0.590318 0.558066 0.642668 0.610756 0.271558 0.643608 0.668788 0.615816 0.624081 0.641889 0.682353 0.579302 0.675891 0.646254 0.594103 0.627132 0.286865 0.519838 0.600392 0.628598 0.597329 0.681089 0.57165 0.559676 0.625131 0.184996 0.591807 0.637703 0.766373 0.673936 0.556455 0.658084 0.605286 0.616689 0.679714 0.660552 0.565248 0.57622 0.589819 0.567939 0.662645 0.691225 0.655061 0.581809 0.586648 0.48375 0.534359 0.643316 0.613201 0.705102 0.619245 0.654633 0.630766 0.642732 0.612951 0.681574 0.631855 0.673265
cg01152019 0.5477 0.657553 0.753761 0.673821 0.605942 0.57243 0.652496 0.625453 0.281411 0.662866 0.677156 0.630719 0.640874 0.643373 0.689338 0.581564 0.687472 0.658288 0.617517 0.632551 0.311285 0.531532 0.62392 0.635853 0.611402 0.684014 0.603945 0.577538 0.642256 0.196129 0.60807 0.653625 0.777453 0.681655 0.575512 0.667089 0.612281 0.629847 0.700778 0.672701 0.583634 0.600899 0.603854 0.574666 0.683231 0.702229 0.657931 0.582949 0.579161 0.495151 0.542547 0.664689 0.636468 0.710909 0.627708 0.664801 0.645566 0.664183 0.617775 0.687968 0.642018 0.699205
cg01275830 0.606412 0.571136 0.614712 0.553862 0.650884 0.594998 0.585417 0.656645 0.155364 0.50982 0.610819 0.615828 0.660541 0.487046 0.575605 0.462549 0.635756 0.524885 0.460399 0.483639 0.227575 0.593819 0.617239 0.495741 0.541589 0.548193 0.487598 0.683281 0.52606 0.083678 0.647703 0.554991 0.649445 0.53276 0.41631 0.512503 0.476065 0.495175 0.557002 0.518798 0.620922 0.456854 0.596362 0.426742 0.559936 0.588374 0.599042 0.40517 0.440183 0.338503 0.374927 0.505884 0.541573 0.547553 0.465118 0.674675 0.482936 0.553104 0.506602 0.514682 0.61881 0.5436
cg01684901 0.414289 0.500431 0.604525 0.516865 0.437368 0.419424 0.503164 0.448765 0.335224 0.540388 0.519211 0.47317 0.480736 0.483864 0.544311 0.469624 0.51909 0.490249 0.522796 0.519381 0.297789 0.388615 0.476709 0.470739 0.511917 0.533745 0.493271 0.42207 0.557343 0.306816 0.44571 0.509012 0.599585 0.521002 0.527151 0.573472 0.481386 0.526331 0.588267 0.50268 0.438189 0.516972 0.441531 0.535617 0.587786 0.540419 0.504778 0.557397 0.46421 0.530746 0.523352 0.52731 0.543898 0.588334 0.515283 0.50646 0.514304 0.537123 0.463586 0.512001 0.477887 0.565213
cg02245378 0.505526 0.639663 0.707175 0.638401 0.552899 0.539413 0.62711 0.558612 0.230758 0.611927 0.67548 0.586929 0.588569 0.592469 0.68079 0.57578 0.64543 0.619084 0.574003 0.597091 0.266479 0.492929 0.571573 0.625178 0.583059 0.651098 0.534889 0.528909 0.600994 0.139139 0.57217 0.60834 0.752295 0.653603 0.556528 0.632908 0.59491 0.586531 0.648564 0.619404 0.546576 0.555125 0.550872 0.545957 0.63387 0.667138 0.653226 0.517154 0.58955 0.436619 0.482975 0.593199 0.60138 0.669999 0.578093 0.63614 0.575582 0.618035 0.59586 0.656882 0.594699 0.643907
cg02250787 0.549747 0.598901 0.690779 0.615877 0.529476 0.521622 0.608151 0.54012 0.177986 0.599893 0.63434 0.584544 0.590315 0.529235 0.648945 0.572106 0.615108 0.566239 0.561042 0.563137 0.273095 0.467948 0.591322 0.535424 0.615766 0.586956 0.591987 0.517445 0.600359 0.122726 0.549549 0.596255 0.702364 0.595401 0.529916 0.590484 0.533329 0.571283 0.626314 0.561538 0.551589 0.564762 0.540175 0.525984 0.639049 0.632086 0.606517 0.479721 0.512353 0.401455 0.398877 0.559983 0.62512 0.599258 0.530757 0.598875 0.541733 0.633028 0.531635 0.581294 0.584787 0.633076
cg02310296 0.278303 0.347246 0.434817 0.367282 0.328475 0.310514 0.342253 0.324541 0.431496 0.411122 0.354345 0.336789 0.342493 0.350773 0.392995 0.352491 0.3666 0.358828 0.420727 0.3984 0.241661 0.279907 0.324889 0.328369 0.354115 0.378398 0.36542 0.323447 0.449987 0.395693 0.327922 0.351536 0.420756 0.379667 0.45824 0.500745 0.349841 0.399226 0.482494 0.373103 0.300583 0.391213 0.309738 0.503388 0.464809 0.38919 0.347349 0.512154 0.36113 0.532461 0.510447 0.4307 0.386236 0.494265 0.437959 0.370199 0.423102 0.366197 0.326802 0.360227 0.336698 0.419159
cg02738086 0.468558 0.564708 0.644318 0.574892 0.500806 0.482495 0.560591 0.511687 0.208766 0.544005 0.584728 0.53531 0.539369 0.503194 0.590865 0.500213 0.575298 0.548402 0.563754 0.530597 0.24072 0.447182 0.526778 0.508403 0.518443 0.554555 0.512968 0.47788 0.55306 0.142007 0.522699 0.544574 0.670446 0.577311 0.480102 0.572358 0.49558 0.538193 0.632549 0.547689 0.506592 0.496693 0.498961 0.488761 0.630625 0.62229 0.566325 0.51179 0.504637 0.406904 0.432614 0.558437 0.553286 0.594874 0.512603 0.556254 0.515969 0.560679 0.516811 0.550667 0.545016 0.575737
cg03218909 0.237494 0.308448 0.386122 0.322685 0.29316 0.263886 0.300953 0.290133 0.451515 0.376767 0.307007 0.28992 0.298749 0.308875 0.332205 0.302185 0.320584 0.304643 0.386577 0.373289 0.22494 0.252663 0.297374 0.299846 0.310706 0.335701 0.330265 0.287968 0.39045 0.409683 0.286569 0.309594 0.364372 0.336763 0.431791 0.458272 0.308796 0.363997 0.420572 0.323994 0.266475 0.363693 0.268871 0.456246 0.402813 0.333964 0.28582 0.495987 0.331845 0.537095 0.498849 0.385873 0.340978 0.449442 0.396813 0.323887 0.371807 0.326489 0.291722 0.335938 0.289334 0.380212
cg03460682 0.489969 0.575473 0.668561 0.584037 0.501739 0.478746 0.590392 0.522226 0.2245 0.57886 0.592022 0.550354 0.557442 0.529157 0.610157 0.505399 0.586082 0.562959 0.579 0.538614 0.308625 0.441151 0.537843 0.541644 0.569346 0.608373 0.550687 0.477223 0.576961 0.166301 0.508748 0.581833 0.666622 0.577521 0.526367 0.579636 0.538973 0.589848 0.636483 0.573504 0.495477 0.538068 0.508129 0.524379 0.638222 0.61299 0.568804 0.53207 0.492056 0.433857 0.476044 0.577709 0.586828 0.622386 0.544839 0.567386 0.553629 0.602562 0.541485 0.565871 0.56115 0.617417
cg03528946 0.598224 0.662623 0.732394 0.659777 0.65431 0.618372 0.662374 0.660256 0.177755 0.614656 0.704762 0.658937 0.677094 0.589246 0.684352 0.566746 0.697901 0.621779 0.571981 0.581494 0.275469 0.59174 0.6685 0.606555 0.620021 0.647145 0.576998 0.659282 0.621518 0.102464 0.655671 0.655593 0.763939 0.640338 0.513189 0.612826 0.581143 0.595477 0.658842 0.62287 0.641888 0.561594 0.639618 0.518866 0.668649 0.690339 0.685208 0.497716 0.539539 0.409683 0.445685 0.60495 0.636923 0.651459 0.565136 0.702806 0.574535 0.664339 0.593468 0.633891 0.661298 0.655345
cg04256470 0.561309 0.649867 0.722508 0.661716 0.58391 0.564376 0.656309 0.613369 0.210184 0.631526 0.672264 0.622439 0.637739 0.62004 0.697758 0.582858 0.676037 0.624568 0.569972 0.611542 0.302964 0.534121 0.617046 0.593759 0.618255 0.651533 0.578428 0.574428 0.656907 0.153002 0.616665 0.631541 0.772345 0.65848 0.543637 0.645871 0.579706 0.601588 0.676078 0.635657 0.594877 0.573191 0.592418 0.544176 0.701085 0.70725 0.681961 0.528477 0.568691 0.4365 0.504005 0.625315 0.639553 0.673306 0.598032 0.67038 0.580459 0.652883 0.579736 0.637601 0.645015 0.665723
cg04451770 0.449406 0.533331 0.624004 0.547387 0.511114 0.475982 0.539838 0.512602 0.476042 0.575386 0.551434 0.511448 0.519309 0.532851 0.56306 0.479982 0.562684 0.526872 0.587108 0.585328 0.28097 0.452296 0.509062 0.517661 0.501425 0.56183 0.505025 0.501006 0.586322 0.389572 0.521699 0.523781 0.638278 0.569273 0.559775 0.659304 0.491587 0.574358 0.639074 0.54106 0.492068 0.504817 0.483067 0.611031 0.637606 0.580797 0.534518 0.641 0.523737 0.577408 0.616736 0.594145 0.539087 0.67568 0.57956 0.566451 0.54083 0.533786 0.51421 0.554834 0.515208 0.587557
cg05010623 0.510279 0.572746 0.672014 0.587335 0.507558 0.479956 0.575786 0.527437 0.202553 0.575728 0.586262 0.550988 0.557917 0.536563 0.604257 0.505429 0.585947 0.559109 0.574787 0.536057 0.288319 0.440716 0.548806 0.529858 0.561566 0.596067 0.569364 0.482481 0.572748 0.154186 0.516705 0.583037 0.680546 0.575431 0.514741 0.567566 0.536831 0.569351 0.620558 0.566993 0.50055 0.53952 0.511982 0.499514 0.635749 0.619342 0.575322 0.521406 0.47901 0.430614 0.450827 0.574701 0.594139 0.602357 0.533531 0.567586 0.544987 0.597934 0.537321 0.574963 0.565606 0.624342
cg05316065 0.518681 0.607012 0.683734 0.601558 0.529986 0.513024 0.611146 0.547227 0.270563 0.604383 0.617604 0.576785 0.578357 0.559147 0.6403 0.539989 0.616456 0.590966 0.594101 0.589004 0.299587 0.477724 0.560733 0.547539 0.583556 0.610344 0.58023 0.502313 0.622656 0.219796 0.544201 0.589214 0.70032 0.614152 0.547626 0.627611 0.53837 0.604025 0.662396 0.596748 0.534434 0.553811 0.527674 0.557601 0.689328 0.653098 0.60678 0.546868 0.533682 0.469847 0.484824 0.622415 0.627492 0.655627 0.584083 0.609013 0.571189 0.611675 0.558644 0.576953 0.588047 0.635576
cg05322019 0.465858 0.563446 0.628274 0.556795 0.495768 0.474389 0.562121 0.518097 0.22889 0.582549 0.570231 0.532517 0.538675 0.549224 0.57952 0.475625 0.579046 0.559322 0.519367 0.55006 0.266043 0.442418 0.528901 0.519534 0.53435 0.574912 0.521433 0.472923 0.56625 0.164931 0.511039 0.548386 0.6413 0.571062 0.474229 0.561934 0.493026 0.539939 0.610475 0.572283 0.483995 0.484369 0.503393 0.475035 0.625246 0.599937 0.543016 0.483603 0.483841 0.426828 0.457361 0.572556 0.531663 0.603441 0.531911 0.548149 0.532504 0.562605 0.534788 0.562101 0.550517 0.59745
cg05516537 0.245227 0.328574 0.410873 0.346691 0.311522 0.277984 0.312212 0.301836 0.448464 0.386741 0.337483 0.296336 0.305863 0.334957 0.375668 0.351944 0.33611 0.324464 0.398261 0.376425 0.21258 0.259113 0.304121 0.350259 0.315443 0.359252 0.332374 0.30417 0.387277 0.371045 0.303519 0.32473 0.399473 0.371551 0.464115 0.48509 0.353363 0.358766 0.419535 0.341401 0.281596 0.397585 0.278859 0.476696 0.387562 0.356078 0.322036 0.522853 0.390257 0.547225 0.499306 0.36938 0.355298 0.48437 0.404695 0.344881 0.393245 0.35064 0.307581 0.392751 0.294765 0.397151
cg05697249 0.471168 0.522057 0.598702 0.536165 0.48892 0.478302 0.535256 0.493452 0.147224 0.525844 0.553871 0.531054 0.531026 0.472047 0.54462 0.463798 0.544949 0.491745 0.490027 0.497914 0.262558 0.428563 0.535365 0.463386 0.525207 0.51737 0.503922 0.46317 0.528603 0.109059 0.493383 0.530432 0.622167 0.514877 0.44692 0.502639 0.466013 0.501192 0.546184 0.489311 0.489922 0.469852 0.487459 0.439117 0.590572 0.552986 0.546831 0.431828 0.424402 0.370037 0.365248 0.50526 0.539625 0.530876 0.465052 0.534825 0.46461 0.542402 0.492673 0.505538 0.522035 0.545312
cg06166767 0.484991 0.494939 0.536741 0.496703 0.518352 0.492803 0.532713 0.552034 0.113823 0.456738 0.52045 0.522852 0.55122 0.420561 0.496286 0.39621 0.541467 0.452071 0.423742 0.425836 0.198358 0.485198 0.495935 0.433856 0.480879 0.486935 0.426951 0.546256 0.465702 0.0629 0.518457 0.476986 0.563795 0.470914 0.370339 0.441872 0.398478 0.455096 0.485967 0.454393 0.492139 0.39775 0.511369 0.374476 0.50566 0.5039 0.50919 0.35609 0.384111 0.273765 0.311477 0.444555 0.463251 0.478354 0.409888 0.556721 0.401891 0.482505 0.451031 0.445924 0.533527 0.487333
cg06518271 0.454458 0.529721 0.616333 0.547208 0.514252 0.486168 0.525021 0.542036 0.133408 0.513889 0.567834 0.522923 0.538931 0.515629 0.553982 0.457284 0.56741 0.526468 0.48843 0.485121 0.214353 0.4616 0.515876 0.497169 0.500382 0.555338 0.472444 0.501501 0.515984 0.087043 0.52088 0.535897 0.663171 0.538238 0.427604 0.51299 0.482213 0.496497 0.557577 0.541224 0.491719 0.448418 0.509869 0.422128 0.573114 0.572418 0.552735 0.429687 0.436339 0.348341 0.405811 0.545094 0.497503 0.557921 0.479597 0.548921 0.490552 0.523898 0.499926 0.540698 0.548195 0.551553
cg06590610 0.505014 0.599027 0.688247 0.623598 0.537238 0.515891 0.60385 0.547615 0.311215 0.621467 0.618612 0.570744 0.575884 0.586153 0.652224 0.566952 0.622014 0.585517 0.583121 0.603362 0.29425 0.477935 0.5693 0.567429 0.572713 0.626567 0.564477 0.519901 0.634143 0.254999 0.555527 0.599598 0.717831 0.629566 0.574682 0.659624 0.558368 0.592814 0.66833 0.60804 0.537595 0.56852 0.540606 0.590632 0.683372 0.66522 0.620911 0.596409 0.562634 0.526393 0.533159 0.614187 0.607972 0.677656 0.604671 0.615912 0.587395 0.610491 0.553111 0.613858 0.587498 0.643507
cg07028869 0.480304 0.580386 0.66572 0.599956 0.542796 0.509533 0.579985 0.545191 0.419502 0.604218 0.596748 0.552777 0.563398 0.583744 0.631758 0.555575 0.605384 0.568758 0.560265 0.619139 0.281754 0.483596 0.551329 0.562118 0.54091 0.602209 0.524741 0.535201 0.61736 0.328041 0.555701 0.568015 0.686241 0.608683 0.591124 0.686737 0.548522 0.564819 0.644128 0.585972 0.534726 0.556705 0.523147 0.622927 0.637139 0.623532 0.586933 0.62008 0.58179 0.601079 0.602494 0.592511 0.571785 0.696089 0.61457 0.614061 0.569121 0.585556 0.533678 0.620516 0.561994 0.622134
cg07580475 0.315351 0.414993 0.517461 0.444829 0.372037 0.342197 0.402017 0.372038 0.381628 0.470144 0.43557 0.379925 0.385847 0.432983 0.480996 0.441639 0.432795 0.422827 0.444221 0.445945 0.231278 0.315036 0.380108 0.443221 0.398126 0.461172 0.404038 0.356161 0.460571 0.289261 0.372292 0.435175 0.501676 0.470592 0.511682 0.538834 0.468079 0.435763 0.484697 0.440845 0.345065 0.471755 0.358726 0.51255 0.460167 0.456103 0.423553 0.53018 0.464576 0.510855 0.507072 0.447579 0.439242 0.546402 0.474729 0.41925 0.469312 0.447173 0.39602 0.492781 0.382038 0.489367
cg07634706 0.553746 0.602235 0.670555 0.604499 0.587598 0.555716 0.615116 0.614245 0.153349 0.558735 0.628638 0.605874 0.632101 0.538083 0.618893 0.511579 0.644452 0.562824 0.509696 0.53449 0.267841 0.540523 0.604904 0.546447 0.583517 0.593623 0.526396 0.600033 0.56841 0.084897 0.599418 0.583905 0.700104 0.579737 0.467602 0.551785 0.52757 0.550498 0.599865 0.562586 0.575077 0.511386 0.576243 0.47302 0.614516 0.621931 0.6264 0.456112 0.481761 0.369514 0.405702 0.545867 0.581828 0.591145 0.503585 0.652062 0.518471 0.606817 0.541815 0.565729 0.60782 0.596599
cg07740640 0.471287 0.411717 0.426918 0.410677 0.552844 0.512472 0.418921 0.562825 0.120058 0.343292 0.471202 0.491375 0.527674 0.368751 0.418987 0.332405 0.537592 0.394537 0.300747 0.335044 0.125641 0.540328 0.481259 0.348046 0.390255 0.391065 0.308447 0.616332 0.373067 0.080425 0.584499 0.400625 0.477697 0.371811 0.277601 0.364513 0.325295 0.328329 0.385059 0.381427 0.521259 0.306596 0.496418 0.3004 0.375821 0.419893 0.476473 0.290935 0.306363 0.22905 0.264176 0.34972 0.375497 0.393001 0.338708 0.587069 0.34872 0.391331 0.358323 0.363735 0.490056 0.365546
cg08261841 0.457874 0.565195 0.649797 0.576452 0.490897 0.469135 0.552197 0.502959 0.196016 0.553425 0.587486 0.531616 0.531508 0.548377 0.614625 0.532031 0.580316 0.558939 0.513458 0.525724 0.256816 0.430452 0.520392 0.566023 0.542833 0.594257 0.511426 0.466723 0.553102 0.127857 0.495587 0.565572 0.6538 0.582924 0.509007 0.570052 0.553223 0.531992 0.583818 0.569115 0.471149 0.540591 0.499341 0.486875 0.57237 0.595071 0.564849 0.48588 0.51344 0.415136 0.431304 0.546411 0.55925 0.595614 0.534957 0.564394 0.542018 0.586594 0.533793 0.598361 0.545128 0.605014
cg09300114 0.320654 0.401547 0.479007 0.419046 0.364156 0.344441 0.420626 0.356624 0.402577 0.454109 0.409614 0.37822 0.38101 0.385603 0.434593 0.372609 0.415897 0.391024 0.515087 0.451144 0.237825 0.320114 0.37436 0.377972 0.395455 0.424378 0.415854 0.348023 0.478258 0.351462 0.374672 0.39038 0.483151 0.433478 0.446123 0.509344 0.365627 0.470338 0.535004 0.407743 0.352268 0.403055 0.351107 0.507585 0.541431 0.452139 0.402035 0.552616 0.391914 0.486335 0.497293 0.475268 0.439501 0.518292 0.453002 0.417347 0.436597 0.404292 0.381696 0.4007 0.386781 0.46047
cg09499849 0.333298 0.410519 0.50149 0.440667 0.383183 0.350078 0.411634 0.393417 0.416888 0.4571 0.416869 0.392746 0.397356 0.413249 0.444556 0.39217 0.427587 0.415758 0.471862 0.448384 0.257204 0.32971 0.392171 0.400247 0.406011 0.450444 0.410388 0.370084 0.476591 0.356168 0.37597 0.420403 0.489034 0.435361 0.491504 0.530412 0.405231 0.461076 0.510851 0.434875 0.357039 0.440954 0.360125 0.522998 0.496555 0.438419 0.395672 0.532772 0.410577 0.545221 0.536509 0.467366 0.44059 0.546343 0.481082 0.425265 0.458349 0.439753 0.39369 0.436252 0.402728 0.484182
cg09527362 0.510391 0.629258 0.720486 0.634539 0.561543 0.538293 0.630528 0.566009 0.290087 0.626316 0.646699 0.5868 0.596551 0.575943 0.664327 0.565564 0.641379 0.611026 0.614029 0.60473 0.322218 0.494053 0.576397 0.582507 0.592668 0.631148 0.572273 0.533826 0.627831 0.214838 0.565862 0.606534 0.72196 0.643665 0.565026 0.661727 0.561964 0.626048 0.691321 0.61292 0.542056 0.562682 0.558608 0.581174 0.687661 0.665326 0.61794 0.574775 0.556587 0.499173 0.524143 0.628768 0.615019 0.684147 0.592345 0.628272 0.597904 0.627231 0.584652 0.622924 0.608324 0.657187
cg09538287 0.528981 0.58712 0.672522 0.598278 0.524564 0.513594 0.601746 0.543799 0.24144 0.593966 0.604681 0.57962 0.580051 0.578862 0.626244 0.530033 0.611299 0.585604 0.567252 0.578549 0.286542 0.475591 0.558807 0.528421 0.570697 0.609494 0.558012 0.499281 0.614746 0.206884 0.533989 0.583564 0.691519 0.599354 0.523177 0.604767 0.528079 0.587698 0.654104 0.598564 0.530336 0.538455 0.541451 0.538446 0.673837 0.64273 0.586868 0.543973 0.504564 0.463418 0.483997 0.609303 0.595735 0.631171 0.580042 0.596361 0.56347 0.599961 0.545989 0.570503 0.598789 0.621083
cg09964921 0.426709 0.5293 0.609962 0.549029 0.456074 0.435333 0.50913 0.481844 0.276143 0.529975 0.544417 0.496125 0.495332 0.518323 0.570902 0.499738 0.538819 0.51582 0.516889 0.514541 0.251314 0.410922 0.484905 0.510315 0.500394 0.545137 0.487211 0.44943 0.553064 0.186107 0.474105 0.535106 0.630779 0.553989 0.50965 0.572221 0.507293 0.509357 0.572875 0.530832 0.446843 0.508567 0.46577 0.513089 0.571437 0.56899 0.525742 0.508256 0.497668 0.458618 0.476828 0.530995 0.520217 0.5947 0.520464 0.518586 0.510397 0.537047 0.489955 0.548346 0.503453 0.560807
cg10752753 0.333309 0.413791 0.489065 0.431409 0.37408 0.351152 0.406464 0.368644 0.402496 0.460074 0.43157 0.380218 0.389118 0.406637 0.456836 0.399463 0.4191 0.395414 0.478355 0.475188 0.207859 0.32719 0.382106 0.413165 0.382993 0.434495 0.397257 0.365342 0.472231 0.338251 0.388633 0.407768 0.511292 0.446253 0.458992 0.546018 0.384343 0.444306 0.502991 0.418322 0.371257 0.409251 0.353686 0.517938 0.501054 0.459197 0.414123 0.539593 0.44391 0.487601 0.489804 0.44799 0.425452 0.540874 0.468124 0.422128 0.421603 0.418986 0.38603 0.456663 0.382668 0.463606
cg11314292 0.539156 0.627103 0.711933 0.630131 0.567953 0.541512 0.636954 0.587281 0.179723 0.612308 0.654981 0.60598 0.618299 0.561485 0.647069 0.537901 0.645603 0.596981 0.58262 0.567487 0.298655 0.510545 0.60928 0.582687 0.60146 0.631352 0.576608 0.559426 0.60697 0.122284 0.580614 0.618227 0.730162 0.620121 0.52843 0.597176 0.561356 0.596289 0.650441 0.599479 0.560801 0.56172 0.576067 0.505829 0.661702 0.657864 0.634424 0.513693 0.52482 0.420215 0.461864 0.601228 0.621171 0.638234 0.551583 0.633842 0.558493 0.638112 0.575604 0.613256 0.618081 0.651437
cg11558474 0.283044 0.383124 0.472681 0.402952 0.337244 0.306599 0.358848 0.338772 0.424524 0.432389 0.390431 0.342021 0.349795 0.376571 0.425476 0.395784 0.381604 0.378122 0.449503 0.416312 0.226081 0.281965 0.342168 0.395519 0.358148 0.409088 0.385023 0.323162 0.413277 0.329769 0.333337 0.386516 0.449866 0.422729 0.48436 0.505358 0.408678 0.397691 0.469295 0.385411 0.316936 0.44413 0.315345 0.488972 0.429797 0.409205 0.365145 0.53981 0.430163 0.522648 0.483577 0.409384 0.408183 0.512375 0.431828 0.382443 0.43598 0.401655 0.353892 0.450105 0.337233 0.444013
cg12127282 0.511574 0.62184 0.715056 0.642548 0.577558 0.541748 0.610672 0.594376 0.31433 0.630471 0.643351 0.596194 0.604403 0.633616 0.665509 0.574345 0.655196 0.635522 0.571189 0.614932 0.294475 0.506178 0.584732 0.617614 0.576521 0.659743 0.551831 0.550357 0.614397 0.219706 0.582621 0.61782 0.741723 0.661675 0.565013 0.65894 0.602725 0.589972 0.663311 0.646553 0.550197 0.574419 0.569861 0.577156 0.634794 0.666645 0.633726 0.588737 0.582135 0.508965 0.554856 0.625717 0.596553 0.697966 0.614774 0.636323 0.625068 0.627625 0.589396 0.677234 0.601799 0.66608
cg13985639 0.418941 0.551604 0.620255 0.561891 0.469361 0.449819 0.527004 0.467491 0.31402 0.533398 0.570637 0.506849 0.51019 0.535386 0.604606 0.536957 0.561526 0.52621 0.498573 0.535493 0.25401 0.418412 0.48479 0.534166 0.497104 0.559069 0.456467 0.455796 0.560429 0.194878 0.482845 0.535098 0.630635 0.571875 0.50455 0.619739 0.527757 0.524127 0.567845 0.536461 0.458583 0.493969 0.468082 0.54927 0.5761 0.585924 0.555217 0.530547 0.535453 0.438369 0.481178 0.531821 0.513671 0.614931 0.545217 0.551379 0.510662 0.539549 0.504697 0.56787 0.509177 0.553921
cg14399060 0.5275 0.62436 0.713271 0.640813 0.573792 0.540598 0.613364 0.594838 0.200524 0.614798 0.646117 0.601709 0.61284 0.609548 0.654376 0.548964 0.659109 0.624164 0.560563 0.587854 0.284083 0.504484 0.59806 0.606939 0.582083 0.662336 0.556318 0.541761 0.594266 0.120842 0.572927 0.629495 0.739172 0.642018 0.514288 0.601367 0.599708 0.583353 0.640459 0.641438 0.554769 0.553586 0.576822 0.510283 0.627866 0.65743 0.625424 0.521718 0.539406 0.416057 0.470426 0.6134 0.596506 0.653277 0.576287 0.627043 0.603981 0.634671 0.59036 0.657002 0.610071 0.652043
cg14607011 0.225353 0.277099 0.356759 0.303186 0.260553 0.249048 0.287604 0.253124 0.473535 0.37095 0.277074 0.260338 0.258496 0.299549 0.298765 0.277747 0.289789 0.284786 0.414756 0.378883 0.181824 0.233059 0.264901 0.24992 0.279701 0.305605 0.340909 0.251693 0.390067 0.445134 0.277437 0.289693 0.342494 0.319553 0.400088 0.438465 0.274801 0.361684 0.435759 0.313375 0.253168 0.335227 0.238676 0.476758 0.437371 0.331617 0.270342 0.539969 0.303967 0.509705 0.468735 0.375063 0.33386 0.437127 0.397764 0.29355 0.360905 0.296793 0.258853 0.295808 0.262571 0.349787
cg14726637 0.484824 0.529371 0.600618 0.539539 0.492714 0.479012 0.546687 0.511208 0.15302 0.530859 0.556793 0.514191 0.525789 0.485783 0.555296 0.467854 0.560173 0.499103 0.518579 0.491781 0.249307 0.445545 0.510176 0.464049 0.511358 0.527873 0.511298 0.48076 0.548782 0.121201 0.500399 0.525207 0.623825 0.545498 0.444657 0.51797 0.435452 0.512457 0.584516 0.507489 0.488592 0.45521 0.498779 0.448843 0.62497 0.571694 0.555409 0.438131 0.438101 0.365317 0.394379 0.52709 0.511673 0.549877 0.478216 0.531929 0.465912 0.532025 0.476269 0.502671 0.538858 0.554936
cg15296858 0.432607 0.560868 0.618912 0.556042 0.48626 0.473202 0.552041 0.499073 0.21274 0.554943 0.591057 0.516788 0.515371 0.561618 0.603312 0.536582 0.576564 0.542843 0.481339 0.544851 0.241669 0.434746 0.51268 0.565573 0.506234 0.563905 0.484486 0.460924 0.542944 0.130154 0.504098 0.55126 0.661401 0.59441 0.505857 0.582822 0.521207 0.513426 0.558458 0.550998 0.485962 0.502933 0.491589 0.484159 0.557142 0.588495 0.590008 0.467381 0.540288 0.413103 0.440022 0.528841 0.52769 0.595511 0.542034 0.560937 0.493833 0.564262 0.521776 0.603553 0.533219 0.579697
cg15383087 0.432276 0.531567 0.622288 0.544908 0.459296 0.443757 0.523437 0.467027 0.354865 0.549008 0.549946 0.493507 0.498635 0.498233 0.579761 0.505663 0.538317 0.50473 0.527289 0.541526 0.264963 0.413263 0.491256 0.489903 0.51965 0.543446 0.501699 0.453357 0.575024 0.295881 0.484299 0.522103 0.638691 0.552365 0.539093 0.613365 0.491706 0.535457 0.598103 0.516064 0.465567 0.516806 0.460412 0.560284 0.592514 0.566756 0.539795 0.557724 0.50568 0.499712 0.533349 0.535601 0.544972 0.616738 0.535976 0.533062 0.526696 0.541797 0.480433 0.546915 0.495682 0.583575
cg15582789 0.533025 0.471348 0.496277 0.449766 0.62658 0.563241 0.48637 0.616373 0.143524 0.406296 0.520693 0.557729 0.609953 0.383978 0.459659 0.363213 0.577507 0.420488 0.34508 0.377265 0.17386 0.571649 0.566115 0.405691 0.447241 0.441137 0.384158 0.68058 0.428232 0.07753 0.607528 0.467497 0.524771 0.419471 0.326406 0.407798 0.380836 0.39517 0.442189 0.41713 0.579638 0.361095 0.565132 0.341996 0.435544 0.469046 0.49974 0.315306 0.345568 0.275234 0.29634 0.402722 0.423821 0.442792 0.370347 0.617451 0.386461 0.462269 0.413429 0.416386 0.540392 0.426614
cg15733507 0.562949 0.478086 0.497674 0.450204 0.596659 0.540323 0.508443 0.575909 0.126189 0.431208 0.500778 0.54539 0.58711 0.390297 0.457011 0.358519 0.549561 0.428734 0.38844 0.396073 0.198944 0.520622 0.558248 0.409589 0.45778 0.444011 0.430119 0.610003 0.427921 0.068335 0.570691 0.460347 0.519734 0.428165 0.345714 0.409125 0.375966 0.426005 0.452487 0.414648 0.556424 0.371376 0.54517 0.341768 0.462381 0.471555 0.471806 0.317285 0.343228 0.281274 0.288908 0.413104 0.442729 0.450144 0.375296 0.584469 0.393381 0.464525 0.440145 0.410689 0.556825 0.446257
cg16097772 0.315457 0.382044 0.47234 0.399477 0.353981 0.338621 0.377615 0.35965 0.42243 0.454509 0.393328 0.363342 0.367936 0.40115 0.412393 0.349191 0.407789 0.389369 0.462633 0.446066 0.235118 0.312731 0.358631 0.363269 0.374241 0.41079 0.398124 0.345475 0.463274 0.363935 0.366544 0.389761 0.46755 0.419977 0.466521 0.495426 0.362327 0.433017 0.493434 0.409407 0.333332 0.399597 0.347107 0.477575 0.505271 0.421444 0.383574 0.536044 0.383975 0.541813 0.534546 0.470102 0.405792 0.524514 0.456588 0.394474 0.406279 0.38807 0.365332 0.409925 0.366829 0.45747
cg17095797 0.50498 0.465275 0.476764 0.459771 0.633486 0.582913 0.47609 0.622133 0.105924 0.385564 0.533019 0.567841 0.605561 0.40256 0.466793 0.37007 0.58783 0.429855 0.32558 0.383188 0.145931 0.612085 0.560152 0.417688 0.425421 0.433736 0.344148 0.684564 0.404484 0.082611 0.643863 0.438145 0.534616 0.412667 0.2936 0.400296 0.387766 0.365116 0.426997 0.425362 0.575305 0.333403 0.566649 0.325345 0.413107 0.471229 0.526576 0.314892 0.328301 0.247725 0.276267 0.386753 0.41144 0.427492 0.365076 0.647762 0.375563 0.442946 0.418736 0.420433 0.54216 0.404148
cg17420360 0.53414 0.636848 0.723846 0.650784 0.556658 0.532826 0.635519 0.578825 0.320801 0.63485 0.643115 0.599305 0.604125 0.608506 0.671292 0.573796 0.641949 0.614803 0.598969 0.633351 0.296325 0.510702 0.600683 0.603574 0.594728 0.657277 0.581467 0.543177 0.637672 0.246094 0.579501 0.615109 0.736247 0.659905 0.596386 0.672392 0.578165 0.61054 0.680199 0.629289 0.569039 0.594798 0.554692 0.602627 0.680878 0.670428 0.63021 0.595079 0.595412 0.528561 0.557367 0.623847 0.630234 0.706356 0.615524 0.645037 0.589456 0.641318 0.58397 0.657555 0.612964 0.66699
cg17532978 0.423341 0.506569 0.595805 0.519567 0.434972 0.421707 0.510923 0.434582 0.293333 0.537788 0.524892 0.472198 0.476741 0.469613 0.544968 0.46093 0.515183 0.487656 0.533351 0.508557 0.294845 0.387445 0.470269 0.464694 0.512679 0.51874 0.500467 0.41853 0.551129 0.252896 0.45013 0.501262 0.605009 0.513883 0.505058 0.563606 0.455913 0.527309 0.584652 0.495439 0.43159 0.485798 0.438767 0.511448 0.606102 0.543615 0.501248 0.535542 0.45251 0.481926 0.4924 0.52539 0.526504 0.585322 0.501737 0.501509 0.497946 0.526033 0.475648 0.498446 0.482081 0.558759
cg18345635 0.31196 0.382031 0.458152 0.388565 0.346121 0.324875 0.392112 0.348503 0.404208 0.446612 0.383751 0.352969 0.355226 0.386971 0.403024 0.346716 0.396216 0.373607 0.48999 0.438695 0.232434 0.31014 0.355636 0.371938 0.365236 0.407229 0.403912 0.328914 0.45669 0.359041 0.358932 0.385904 0.470087 0.414459 0.442045 0.495596 0.346366 0.462917 0.501744 0.401995 0.326905 0.388727 0.332066 0.496086 0.524396 0.439729 0.366206 0.557152 0.380931 0.495755 0.519315 0.464126 0.412622 0.513617 0.459566 0.385984 0.409837 0.393982 0.366446 0.391627 0.365559 0.445014
cg18702197 0.560905 0.672228 0.760839 0.686856 0.617998 0.585747 0.662096 0.638827 0.253592 0.666991 0.693751 0.642581 0.652353 0.65228 0.701716 0.594474 0.702549 0.668751 0.603724 0.640776 0.303994 0.54351 0.63125 0.647081 0.623036 0.693977 0.597072 0.587429 0.650037 0.156128 0.616905 0.665197 0.792062 0.694021 0.565911 0.661682 0.621273 0.632483 0.691377 0.677224 0.591089 0.591135 0.622506 0.572257 0.684599 0.708418 0.672271 0.565857 0.585165 0.471103 0.527265 0.664642 0.633524 0.715283 0.63137 0.676157 0.641858 0.671226 0.633512 0.69882 0.656858 0.692468
cg18854666 0.448611 0.551931 0.59225 0.527059 0.483086 0.47571 0.542203 0.495747 0.170029 0.518067 0.568304 0.512054 0.519286 0.49033 0.552912 0.45576 0.554398 0.503288 0.508709 0.51119 0.22093 0.43169 0.483501 0.515752 0.482075 0.529651 0.462061 0.471515 0.520531 0.111545 0.509016 0.520345 0.638366 0.548387 0.432181 0.527745 0.451312 0.519374 0.561742 0.51257 0.496589 0.438681 0.488562 0.445652 0.592249 0.585619 0.548065 0.445864 0.474029 0.359391 0.42787 0.538748 0.4906 0.563236 0.482791 0.542983 0.463493 0.514069 0.496381 0.524002 0.540669 0.531197
cg19258882 0.456323 0.521481 0.604343 0.521543 0.441884 0.427341 0.525607 0.444747 0.213805 0.549053 0.534921 0.484703 0.491008 0.462353 0.540516 0.458729 0.518081 0.488588 0.540678 0.494966 0.269183 0.387898 0.499412 0.464802 0.531333 0.515875 0.544363 0.417494 0.527135 0.180781 0.447978 0.511474 0.594245 0.516939 0.495978 0.520838 0.453214 0.525598 0.573394 0.485425 0.452891 0.510601 0.449747 0.467885 0.585426 0.541697 0.509787 0.475733 0.444196 0.429083 0.421138 0.512306 0.55223 0.550462 0.484387 0.502374 0.482254 0.539634 0.474731 0.506144 0.502191 0.564722
cg19731268 0.245858 0.325211 0.414266 0.346415 0.307407 0.277366 0.318025 0.303543 0.456457 0.395113 0.328541 0.298898 0.305848 0.332376 0.36089 0.325982 0.338087 0.329477 0.424413 0.38087 0.230179 0.256803 0.300871 0.314546 0.318024 0.361614 0.342895 0.300339 0.405855 0.40042 0.295065 0.335487 0.384982 0.357085 0.448521 0.483542 0.342385 0.397134 0.447416 0.359747 0.273225 0.370593 0.28626 0.488583 0.416276 0.352847 0.311215 0.518893 0.352852 0.545864 0.514264 0.399596 0.351515 0.48183 0.425453 0.336927 0.411589 0.341149 0.313818 0.363051 0.299297 0.403022
cg19910382 0.480345 0.557469 0.628649 0.565183 0.492695 0.473083 0.558121 0.51827 0.239851 0.573567 0.550097 0.532247 0.535885 0.546321 0.56818 0.481106 0.581173 0.565469 0.519444 0.547009 0.288501 0.444033 0.524487 0.51031 0.529891 0.577958 0.522725 0.449312 0.565851 0.183853 0.491569 0.549048 0.625409 0.58025 0.475316 0.565549 0.493054 0.558131 0.593168 0.570192 0.473732 0.489938 0.500084 0.490212 0.606067 0.581004 0.524151 0.46879 0.470513 0.43063 0.450344 0.587232 0.534199 0.608265 0.552617 0.542977 0.541692 0.561675 0.537676 0.559203 0.557059 0.584226
cg20483374 0.533195 0.546159 0.603277 0.538449 0.598204 0.559527 0.558356 0.595283 0.130268 0.498686 0.598893 0.571315 0.598159 0.476669 0.572784 0.466876 0.611857 0.508447 0.453494 0.465715 0.215118 0.540724 0.593717 0.485923 0.53768 0.533079 0.468207 0.62708 0.521853 0.072165 0.598194 0.541854 0.632862 0.516267 0.410085 0.503333 0.467706 0.485933 0.545457 0.513806 0.57691 0.449264 0.57434 0.416242 0.54693 0.572401 0.591285 0.384572 0.424253 0.31545 0.356238 0.493922 0.522799 0.535832 0.460844 0.62512 0.474289 0.547532 0.494608 0.508336 0.565116 0.529696
cg20935106 0.51883 0.552384 0.617957 0.552952 0.586218 0.532964 0.557032 0.590178 0.144722 0.509056 0.596547 0.564448 0.583619 0.490658 0.570908 0.465291 0.600162 0.529842 0.475391 0.479872 0.232375 0.529557 0.583805 0.503873 0.521773 0.549571 0.49246 0.599117 0.515065 0.078266 0.583161 0.552613 0.639952 0.533891 0.426352 0.502562 0.489327 0.495262 0.549755 0.52627 0.548663 0.473496 0.568838 0.41718 0.548244 0.58024 0.575281 0.410198 0.440395 0.338672 0.364029 0.503155 0.529905 0.545635 0.471653 0.605931 0.490485 0.562591 0.509522 0.524037 0.563793 0.546867
cg21295467 0.625854 0.603112 0.643426 0.584178 0.704487 0.649361 0.623896 0.695443 0.17702 0.545254 0.650974 0.659239 0.701745 0.508749 0.607462 0.490861 0.682296 0.542845 0.484715 0.51027 0.229455 0.645064 0.668483 0.521092 0.578362 0.571217 0.508971 0.752419 0.562816 0.107794 0.707493 0.585798 0.68801 0.565443 0.446096 0.5466 0.490826 0.519387 0.582871 0.541944 0.683293 0.48274 0.654333 0.463336 0.589318 0.620597 0.649098 0.425412 0.475161 0.363565 0.397737 0.524783 0.56624 0.581199 0.494645 0.727169 0.494012 0.585657 0.517824 0.546357 0.650711 0.56939
cg21366834 0.54664 0.468475 0.474586 0.438178 0.652684 0.588437 0.490498 0.64533 0.11528 0.401239 0.526053 0.545503 0.590989 0.375431 0.445465 0.350354 0.576545 0.401401 0.336603 0.383219 0.14501 0.610543 0.571284 0.410402 0.435404 0.422175 0.374644 0.7196 0.411203 0.090006 0.647395 0.450845 0.520499 0.420733 0.310922 0.391591 0.35962 0.366894 0.419903 0.404244 0.613203 0.347217 0.584648 0.323521 0.413136 0.462629 0.498326 0.312686 0.349781 0.262337 0.282783 0.377822 0.41606 0.417865 0.350851 0.648 0.356733 0.440707 0.403768 0.394642 0.552572 0.41216
cg21375825 0.653875 0.693668 0.743129 0.680356 0.708122 0.670044 0.704781 0.721732 0.163312 0.635449 0.721711 0.711535 0.732916 0.626745 0.699222 0.568033 0.745737 0.654037 0.571011 0.613883 0.278912 0.64778 0.686133 0.619481 0.640161 0.672461 0.588936 0.710633 0.636421 0.101842 0.709186 0.658116 0.792174 0.670438 0.520645 0.626791 0.581443 0.615833 0.674753 0.651264 0.685278 0.562609 0.684645 0.522367 0.684491 0.720169 0.696024 0.501741 0.55829 0.401025 0.454777 0.631236 0.642907 0.670148 0.587705 0.762407 0.587687 0.66941 0.628121 0.644026 0.72622 0.672429
cg21554552 0.436297 0.544378 0.634222 0.572454 0.481253 0.456548 0.525464 0.493838 0.333027 0.557502 0.573947 0.510155 0.514522 0.540566 0.607288 0.54201 0.561474 0.542472 0.525155 0.547889 0.245316 0.427262 0.497165 0.551879 0.504449 0.558411 0.485774 0.470982 0.550755 0.227809 0.500718 0.534976 0.658375 0.58177 0.537522 0.620286 0.531552 0.506965 0.591197 0.549237 0.472629 0.535957 0.472471 0.543551 0.564741 0.590988 0.562929 0.544003 0.554291 0.481884 0.504695 0.539344 0.538988 0.624232 0.544079 0.556963 0.53659 0.555159 0.498984 0.618839 0.514967 0.583267
cg21601405 0.320741 0.392808 0.480364 0.411286 0.350438 0.339106 0.403157 0.354309 0.388501 0.450344 0.403121 0.370246 0.372238 0.402908 0.438184 0.378315 0.411354 0.404007 0.477855 0.440616 0.282804 0.312875 0.369755 0.362023 0.391563 0.437709 0.397527 0.338353 0.491234 0.366988 0.364921 0.394865 0.483272 0.441988 0.459468 0.500074 0.38416 0.452186 0.531817 0.433104 0.337724 0.406335 0.347605 0.50122 0.525245 0.445509 0.389982 0.534675 0.381352 0.492159 0.517031 0.472802 0.431286 0.525154 0.462243 0.396374 0.456442 0.411973 0.368211 0.397772 0.374771 0.456825
cg21736592 0.485354 0.579798 0.671704 0.578525 0.511156 0.488224 0.584276 0.532188 0.251213 0.592598 0.58596 0.548539 0.549942 0.544862 0.600468 0.501815 0.596987 0.566338 0.578233 0.560139 0.297597 0.4512 0.542074 0.533984 0.566273 0.596741 0.556361 0.480255 0.594924 0.203897 0.51854 0.571562 0.66962 0.594689 0.521227 0.590244 0.521222 0.588543 0.640959 0.577136 0.491783 0.531731 0.514737 0.520745 0.650848 0.613769 0.564118 0.54142 0.491559 0.470248 0.489497 0.604249 0.583928 0.629473 0.549766 0.572838 0.569009 0.593931 0.555484 0.567208 0.563196 0.623927
cg22294908 0.581598 0.568659 0.578527 0.551295 0.641044 0.610751 0.587856 0.621713 0.108818 0.491556 0.601577 0.605506 0.644504 0.476309 0.562625 0.455862 0.633454 0.501867 0.422585 0.470036 0.201661 0.600551 0.597335 0.505353 0.514649 0.509897 0.463827 0.665304 0.497533 0.072621 0.664633 0.534255 0.628249 0.52707 0.38984 0.491173 0.44037 0.459642 0.518262 0.494491 0.648482 0.433542 0.60501 0.395072 0.519403 0.569661 0.596005 0.377666 0.443663 0.298827 0.337515 0.466174 0.508646 0.509475 0.437077 0.69938 0.434913 0.53601 0.485367 0.512019 0.619895 0.516985
cg22298088 0.222233 0.31186 0.383611 0.321981 0.295002 0.25955 0.285682 0.279543 0.480965 0.374957 0.307675 0.273192 0.283021 0.319568 0.341263 0.322536 0.312273 0.308859 0.407104 0.362714 0.207686 0.237233 0.286958 0.316255 0.298934 0.332662 0.32036 0.283807 0.36283 0.40541 0.283268 0.310086 0.357281 0.346728 0.437937 0.468375 0.33283 0.347795 0.410198 0.324298 0.261692 0.37657 0.259743 0.479956 0.36093 0.324691 0.282881 0.498548 0.367977 0.532963 0.487384 0.360098 0.339295 0.45868 0.39664 0.318965 0.38599 0.322554 0.282584 0.375613 0.268171 0.384977
cg22467534 0.474525 0.573259 0.670936 0.591179 0.502992 0.480841 0.571107 0.518649 0.313309 0.586708 0.588486 0.544842 0.547809 0.553466 0.621911 0.534673 0.587463 0.569012 0.561815 0.556742 0.301127 0.441246 0.53108 0.547868 0.557068 0.604168 0.539995 0.486967 0.598322 0.251278 0.514312 0.578167 0.673637 0.588138 0.565215 0.623764 0.560377 0.581576 0.641276 0.583865 0.488838 0.564604 0.5047 0.575431 0.632322 0.621506 0.573182 0.571777 0.522597 0.514751 0.531602 0.585399 0.594635 0.647055 0.578691 0.578063 0.585585 0.596207 0.533946 0.579521 0.549707 0.625861
cg22510412 0.258454 0.336069 0.418806 0.349162 0.315712 0.286243 0.322777 0.301038 0.473844 0.404567 0.334911 0.30139 0.309166 0.337401 0.371973 0.337478 0.339907 0.33473 0.450114 0.38779 0.219765 0.259979 0.318516 0.323424 0.331479 0.36456 0.364945 0.305706 0.407976 0.424728 0.306305 0.338038 0.386593 0.367539 0.467877 0.485184 0.342611 0.388433 0.457494 0.348333 0.288362 0.402758 0.289792 0.503817 0.418242 0.362029 0.314946 0.522916 0.367342 0.53955 0.496035 0.391382 0.388339 0.484114 0.421072 0.346874 0.416675 0.352114 0.314113 0.371623 0.303576 0.419778
cg22861316 0.452882 0.536927 0.582568 0.537486 0.46939 0.455883 0.543678 0.484067 0.204084 0.527237 0.539494 0.514013 0.516045 0.512121 0.561787 0.473491 0.541628 0.510805 0.505204 0.51106 0.233165 0.420416 0.493285 0.510649 0.491652 0.527218 0.479033 0.441649 0.521045 0.151105 0.473122 0.51633 0.602527 0.543784 0.461529 0.549341 0.461246 0.513505 0.557802 0.522796 0.475962 0.463628 0.468019 0.473215 0.574151 0.576931 0.530348 0.467892 0.484843 0.388877 0.412304 0.519029 0.530027 0.571423 0.50658 0.539793 0.486773 0.526188 0.503819 0.538524 0.5303 0.543728
cg23002761 0.474194 0.590838 0.665552 0.62121 0.512533 0.503668 0.575172 0.523745 0.192911 0.567314 0.623803 0.555085 0.558535 0.563922 0.645945 0.574961 0.602419 0.578592 0.504906 0.5503 0.260021 0.464934 0.540121 0.561053 0.551915 0.604942 0.501876 0.489774 0.549909 0.110506 0.525836 0.571936 0.6959 0.603557 0.500881 0.594007 0.571524 0.521443 0.584316 0.583616 0.514859 0.532794 0.514644 0.501278 0.576285 0.617226 0.619502 0.47342 0.564934 0.381237 0.422963 0.533887 0.561193 0.606209 0.543233 0.589075 0.551192 0.590205 0.523916 0.61612 0.558687 0.605051
cg23095584 0.358715 0.481009 0.553049 0.495005 0.410081 0.395966 0.462583 0.427329 0.352822 0.49172 0.487203 0.442375 0.438628 0.503407 0.535385 0.477391 0.492106 0.503623 0.443602 0.502642 0.255447 0.364568 0.430454 0.486113 0.439515 0.498475 0.4052 0.388249 0.510375 0.224431 0.417069 0.460743 0.561794 0.531034 0.477351 0.576929 0.462981 0.464422 0.523352 0.491473 0.40584 0.453567 0.40875 0.51253 0.515573 0.518381 0.485067 0.475399 0.512522 0.465703 0.482082 0.493279 0.459035 0.577196 0.518465 0.474095 0.46649 0.484246 0.445293 0.521386 0.447619 0.505629
cg23276115 0.404353 0.478532 0.571919 0.506481 0.405753 0.392294 0.492294 0.420083 0.264106 0.517258 0.487267 0.457788 0.456469 0.460733 0.509818 0.433584 0.488156 0.467072 0.537875 0.483206 0.269835 0.357607 0.449979 0.441241 0.476491 0.510768 0.49364 0.386912 0.531341 0.244285 0.418292 0.496389 0.570624 0.493997 0.48536 0.519132 0.441787 0.522151 0.577109 0.489989 0.403584 0.478961 0.41757 0.492958 0.587859 0.53265 0.473657 0.517236 0.4138 0.451597 0.464902 0.518637 0.513271 0.553828 0.493818 0.470085 0.491343 0.501329 0.451935 0.474931 0.467284 0.532217
cg23769143 0.381046 0.460946 0.560682 0.481928 0.415809 0.394009 0.459444 0.418066 0.403937 0.525363 0.471693 0.436587 0.441023 0.457775 0.495398 0.432076 0.470464 0.455495 0.526616 0.490384 0.26318 0.355337 0.439301 0.431874 0.460145 0.490497 0.492017 0.396678 0.516855 0.356692 0.41282 0.478246 0.538204 0.485189 0.534612 0.560561 0.453789 0.503131 0.566885 0.470556 0.399107 0.492285 0.400509 0.548821 0.552932 0.490658 0.450544 0.561014 0.437215 0.556579 0.54293 0.505696 0.505656 0.582222 0.51256 0.464801 0.504744 0.491089 0.429344 0.490151 0.43744 0.545783
cg24171152 0.492731 0.586545 0.68476 0.605575 0.513441 0.491028 0.587881 0.532874 0.276365 0.590298 0.605 0.554816 0.558252 0.56056 0.629961 0.543404 0.601308 0.564396 0.557163 0.570082 0.299101 0.462835 0.554981 0.540085 0.573946 0.608349 0.545964 0.497968 0.600017 0.216094 0.528217 0.582333 0.688461 0.601943 0.556165 0.614702 0.549583 0.572391 0.628198 0.578556 0.516601 0.565903 0.518602 0.554088 0.6329 0.621933 0.601068 0.540371 0.537839 0.490027 0.502857 0.570247 0.601181 0.641663 0.560048 0.589265 0.559385 0.607254 0.528847 0.596131 0.562442 0.632389
cg24322623 0.366099 0.434361 0.529886 0.44651 0.387253 0.372816 0.437394 0.39041 0.378453 0.495342 0.449554 0.412528 0.41718 0.410066 0.471717 0.404164 0.45277 0.422084 0.512839 0.462204 0.286007 0.343096 0.416612 0.399897 0.457458 0.462495 0.468868 0.378939 0.51378 0.357341 0.398871 0.44107 0.519087 0.450687 0.493751 0.531939 0.414822 0.490843 0.554316 0.44292 0.376662 0.454724 0.38583 0.518443 0.560055 0.471468 0.42616 0.551574 0.39835 0.520858 0.522465 0.494053 0.482505 0.545715 0.480393 0.443748 0.473588 0.468503 0.407297 0.434287 0.418402 0.511762
cg25239996 0.399354 0.472403 0.573096 0.496136 0.420175 0.402565 0.48369 0.432754 0.295587 0.506647 0.486526 0.45116 0.45152 0.47437 0.526946 0.443098 0.496193 0.48497 0.508943 0.491621 0.289335 0.364595 0.450826 0.439239 0.46254 0.516669 0.466208 0.403467 0.531201 0.253723 0.4372 0.484802 0.5811 0.511182 0.486238 0.527652 0.471179 0.502015 0.581816 0.508487 0.410918 0.466817 0.422987 0.494907 0.5746 0.528444 0.474486 0.519374 0.427195 0.45859 0.499571 0.524368 0.501392 0.563459 0.497765 0.46999 0.51191 0.499815 0.445083 0.491186 0.460647 0.531603
cg25426743 0.453649 0.56362 0.648807 0.562052 0.509696 0.479348 0.540777 0.53162 0.223939 0.545199 0.581188 0.539166 0.549289 0.533863 0.59344 0.498064 0.58518 0.56731 0.514073 0.537553 0.256584 0.436103 0.515073 0.538726 0.53317 0.59379 0.486407 0.481938 0.538546 0.127878 0.508259 0.560233 0.681655 0.571042 0.478128 0.563406 0.546256 0.535409 0.58781 0.58523 0.482036 0.500942 0.50278 0.482717 0.575159 0.595658 0.553043 0.482761 0.488461 0.389849 0.452147 0.574182 0.53017 0.593457 0.526233 0.550598 0.547003 0.566207 0.520788 0.576853 0.540375 0.58909
cg25443975 0.530669 0.549764 0.596681 0.530859 0.529789 0.500616 0.562978 0.536406 0.13308 0.506257 0.567882 0.551123 0.569732 0.474532 0.547528 0.447093 0.570744 0.499463 0.464882 0.488135 0.242251 0.481976 0.556626 0.485324 0.527206 0.529904 0.48006 0.536942 0.504013 0.080979 0.544382 0.527814 0.627939 0.523322 0.416215 0.490603 0.456853 0.491039 0.530129 0.491956 0.540965 0.458378 0.51624 0.405166 0.542886 0.549124 0.554147 0.404562 0.449428 0.341711 0.359768 0.484506 0.52602 0.524189 0.442277 0.595664 0.450036 0.546297 0.489995 0.516746 0.564394 0.537545
cg25476145 0.497953 0.42225 0.435564 0.397851 0.626931 0.564732 0.435168 0.626846 0.130142 0.346099 0.484244 0.519513 0.568958 0.351951 0.426163 0.33513 0.55787 0.378247 0.290762 0.330649 0.135468 0.606145 0.539801 0.342999 0.398443 0.389323 0.311233 0.698004 0.385962 0.081836 0.636053 0.416204 0.485454 0.375627 0.279981 0.370958 0.339164 0.327645 0.390251 0.380411 0.573614 0.30558 0.5563 0.31321 0.380325 0.437495 0.487649 0.283758 0.301687 0.242495 0.274075 0.346823 0.37528 0.393535 0.333243 0.606931 0.338026 0.402851 0.3523 0.355013 0.490206 0.366911
cg25737836 0.483685 0.54964 0.6131 0.549708 0.54848 0.525206 0.57015 0.56645 0.132799 0.51885 0.583727 0.563759 0.583145 0.501487 0.573824 0.469254 0.594419 0.529961 0.45341 0.502024 0.229721 0.496777 0.548899 0.506866 0.530507 0.545257 0.462494 0.549873 0.511578 0.075912 0.563416 0.521875 0.645509 0.53756 0.41902 0.513159 0.483796 0.488337 0.543992 0.526362 0.522761 0.451366 0.511742 0.43255 0.553929 0.583203 0.582383 0.401187 0.450685 0.318982 0.36195 0.505499 0.524818 0.542227 0.469862 0.613656 0.465697 0.548181 0.507234 0.535994 0.561506 0.553247
cg25853078 0.528988 0.590545 0.674259 0.59886 0.51907 0.497303 0.586216 0.537657 0.173573 0.562774 0.606145 0.560004 0.569042 0.519004 0.617569 0.529447 0.599889 0.55207 0.563928 0.537398 0.27749 0.463726 0.578911 0.527089 0.576308 0.596803 0.549381 0.500495 0.56947 0.141769 0.534777 0.575795 0.670774 0.590011 0.499043 0.565502 0.531305 0.553173 0.61975 0.558948 0.523836 0.55094 0.517157 0.491865 0.607387 0.618332 0.58119 0.481956 0.495672 0.400981 0.410318 0.551874 0.600886 0.584791 0.507553 0.579401 0.545644 0.606078 0.521635 0.557363 0.558192 0.603525
cg25982743 0.468909 0.538958 0.605177 0.535488 0.459385 0.446793 0.540168 0.470677 0.231037 0.537958 0.544719 0.512002 0.515531 0.496152 0.564802 0.470574 0.539604 0.517464 0.532301 0.507899 0.281191 0.401565 0.496141 0.478991 0.51271 0.54182 0.532177 0.440509 0.55695 0.217993 0.470276 0.541862 0.617653 0.537105 0.491736 0.559417 0.471852 0.545072 0.601278 0.519088 0.466007 0.495577 0.472098 0.496004 0.616627 0.569647 0.528393 0.488747 0.457251 0.438497 0.468447 0.550623 0.548599 0.580257 0.519651 0.527362 0.519054 0.550285 0.49186 0.514394 0.530146 0.572372
cg26163537 0.489727 0.506953 0.555547 0.485253 0.456927 0.433775 0.542329 0.460883 0.144298 0.517235 0.509315 0.491593 0.50195 0.440617 0.503731 0.417366 0.508542 0.458809 0.483428 0.467768 0.248464 0.407056 0.501465 0.433775 0.519235 0.493082 0.497551 0.448559 0.500233 0.104228 0.468606 0.487282 0.557765 0.498649 0.421034 0.46345 0.41201 0.489051 0.522736 0.459091 0.475162 0.446183 0.452607 0.395479 0.551984 0.517676 0.48606 0.374984 0.414512 0.325443 0.325284 0.468125 0.518602 0.488807 0.42998 0.509254 0.420704 0.515056 0.454759 0.473512 0.5144 0.536919
cg26284390 0.468883 0.54466 0.630995 0.556652 0.481633 0.466423 0.559243 0.494601 0.179189 0.543438 0.562829 0.520842 0.528374 0.495855 0.582434 0.48057 0.554512 0.514575 0.51882 0.503146 0.277156 0.420894 0.518395 0.510573 0.535963 0.558778 0.511591 0.473961 0.551317 0.138301 0.501742 0.535176 0.64461 0.546058 0.47872 0.53839 0.490248 0.535605 0.58453 0.524414 0.482841 0.490946 0.491072 0.476667 0.599661 0.579616 0.556066 0.474689 0.459109 0.408744 0.440047 0.529459 0.54454 0.575898 0.496288 0.548484 0.502878 0.55211 0.499493 0.529954 0.539523 0.570689
cg26583078 0.490699 0.548729 0.626507 0.552116 0.484631 0.46577 0.555787 0.498389 0.170264 0.542857 0.567028 0.531757 0.545021 0.488012 0.575207 0.48302 0.557888 0.519366 0.52563 0.50162 0.287509 0.426479 0.524739 0.490695 0.556739 0.554538 0.520074 0.477326 0.54794 0.134181 0.502179 0.539564 0.639669 0.539084 0.470073 0.52535 0.491667 0.534095 0.586363 0.525767 0.487654 0.504271 0.494696 0.465622 0.589158 0.572736 0.553369 0.457369 0.454747 0.385969 0.410043 0.527295 0.560908 0.558823 0.488495 0.5479 0.504637 0.557244 0.486738 0.516245 0.545209 0.567045
cg26661623 0.550199 0.482498 0.51358 0.465724 0.545706 0.508096 0.502621 0.521754 0.077998 0.420982 0.507867 0.537924 0.565109 0.406426 0.481882 0.390643 0.548979 0.433389 0.362847 0.399049 0.181127 0.497519 0.532697 0.408055 0.469804 0.44914 0.4013 0.575723 0.452507 0.045571 0.564226 0.481962 0.54787 0.447414 0.332085 0.416384 0.382689 0.407921 0.461559 0.430277 0.56009 0.39047 0.531088 0.333118 0.462508 0.49691 0.517896 0.307875 0.370175 0.256635 0.283888 0.410542 0.457075 0.43877 0.382417 0.57721 0.378902 0.466547 0.409434 0.41562 0.551662 0.436751
cg26711820 0.497193 0.5879 0.686927 0.612194 0.540081 0.516679 0.599292 0.546664 0.412533 0.624347 0.606164 0.563949 0.571954 0.560746 0.627524 0.535458 0.615001 0.570433 0.64313 0.601763 0.30821 0.487687 0.564562 0.555428 0.565381 0.610898 0.571055 0.530732 0.640093 0.346411 0.563477 0.587042 0.701365 0.619681 0.590227 0.675023 0.539761 0.608966 0.691916 0.590915 0.535305 0.568125 0.530211 0.630445 0.695675 0.643575 0.595151 0.651447 0.553931 0.576465 0.603516 0.616045 0.611798 0.690087 0.603593 0.613146 0.584677 0.600519 0.540341 0.594691 0.572996 0.649734
cg26815414 0.466186 0.492924 0.526456 0.477367 0.517105 0.489559 0.501343 0.539634 0.115598 0.455676 0.5036 0.521991 0.541066 0.456513 0.49988 0.403828 0.543344 0.483926 0.397881 0.437997 0.194672 0.477481 0.511269 0.429108 0.46189 0.489023 0.42085 0.512549 0.456543 0.067272 0.513575 0.469999 0.544675 0.490201 0.373823 0.44902 0.416048 0.429923 0.478961 0.474661 0.488633 0.404744 0.488884 0.361457 0.493981 0.497737 0.505818 0.331 0.395163 0.278107 0.304192 0.462404 0.47053 0.480188 0.427897 0.550626 0.421779 0.487666 0.459841 0.454037 0.533465 0.487363
cg27094188 0.52034 0.517818 0.587358 0.524844 0.477906 0.459671 0.52686 0.493403 0.154215 0.513513 0.53821 0.518261 0.533736 0.460559 0.550301 0.459243 0.536938 0.49414 0.478078 0.466512 0.254223 0.42583 0.511074 0.459732 0.529853 0.521414 0.511324 0.467616 0.523687 0.099793 0.488072 0.508463 0.608421 0.507215 0.445396 0.498453 0.455256 0.502107 0.551768 0.48931 0.483828 0.471141 0.476117 0.434381 0.566523 0.552322 0.529115 0.404444 0.422316 0.354111 0.360641 0.490265 0.53609 0.524683 0.456796 0.537231 0.473427 0.535748 0.467525 0.491094 0.531177 0.539774
